1748262541893 0.00020200000000025753 0
1748262551901 0.02002700000000024 1
1748262561948 0.021945000000000103 2
1748262571962 0.02331200000000022 3
1748262581970 0.06770600000000027 4
1748262592043 0.06992799999999999 5
1748262602094 0.07227000000000006 6
1748262612106 0.07360100000000003 7
1748262622173 0.07462800000000014 8
1748262632181 0.07605800000000018 9
1748262642194 0.07713999999999999 10
1748262652242 0.08248699999999998 11
1748262662264 0.08448600000000006 12
1748262672278 0.0874410000000001 13
1748262682287 0.09066099999999988 14
1748262692299 0.09465600000000007 15
1748262702310 0.09860699999999989 16
1748262712321 0.10243199999999986 17
1748262722332 0.10651400000000022 18
1748262732345 0.11032700000000029 19
