1748262541893 0.0 0
1748262551901 0.0011260000000001824 1
1748262561948 0.0019119999999999138 2
1748262571962 0.0029479999999999507 3
1748262581970 0.03543900000000022 4
1748262592043 0.03715500000000027 5
1748262602094 0.039519000000000304 6
1748262612106 0.04042499999999993 7
1748262622173 0.041287000000000074 8
1748262632181 0.042330999999999896 9
1748262642194 0.04313600000000006 10
1748262652242 0.05171599999999987 11
1748262662264 0.05366800000000005 12
1748262672278 0.05489600000000028 13
1748262682287 0.055838000000000054 14
1748262692299 0.05723300000000009 15
1748262702310 0.058799000000000046 16
1748262712321 0.060159000000000074 17
1748262722332 0.06201100000000004 18
1748262732345 0.06345299999999998 19
