1745414775423 0.0002020000000015898 0
1745414785439 0.022050999999990495 1
1745414795455 0.02298799999999801 2
1745414805470 0.02364399999999023 3
1745414815540 0.02487899999999854 4
1745414825584 0.026119999999991705 5
1745414835656 0.027633999999991943 6
1745414845712 0.028570999999999458 7
1745414855725 0.029895999999993705 8
1745414865737 0.030552000000000135 9
1745414875764 0.03148899999999344 10
1745414885779 0.03270700000000204 11
1745414895796 0.03737999999999886 12
1745414905808 0.04091699999999321 13
1745414915819 0.04468799999999362 14
1745414925830 0.047764000000000806 15
1745414935844 0.05153500000000122 16
1745414945856 0.08113199999999665 17
1745414955928 0.10437199999999791 18
