1745414775423 0.0 0
1745414785439 0.0011379999996279366 1
1745414795455 0.001870000000053551 2
1745414805470 0.002260000000205764 3
1745414815540 0.0030919999999241554 4
1745414825584 0.004231999999319669 5
1745414835656 0.00555999999960477 6
1745414845712 0.006346000000121421 7
1745414855725 0.0072000000000116415 8
1745414865737 0.0075900000001638546 9
1745414875764 0.008375999999771011 10
1745414885779 0.00908999999955995 11
1745414895796 0.01145399999950314 12
1745414905808 0.012867999999798485 13
1745414915819 0.014228000000002794 14
1745414925830 0.01504800000020623 15
1745414935844 0.01646199999959208 16
1745414945856 0.03556699999990087 17
1745414955928 0.05282499999975698 18
